data:c++_
1 0 1 
0 -1 -1 
0 -1 -1 
0 -1 -1 
0 -1 -1 
0 -1 -1 
0 -1 -1 
0 -1 -1 
0 -1 -1 
1 0 3 
0 -1 -1 
0 -1 -1 
0 -1 -1 
0 -1 -1 
0 -1 -1 
0 -1 -1 
0 -1 -1 
0 -1 -1 
0 -1 -1 
0 -1 -1 
0 -1 -1 
0 -1 -1 
0 -1 -1 
0 -1 -1 
0 -1 -1 
0 -1 -1 
0 -1 -1 
0 -1 -1 
0 -1 -1 
0 -1 -1 
0 -1 -1 
0 -1 -1 

data:c++_test
1 0 0 
0 -1 -1 
0 -1 -1 
0 -1 -1 
0 -1 -1 
0 -1 -1 
0 -1 -1 
0 -1 -1 
0 -1 -1 
1 0 3 
0 -1 -1 
0 -1 -1 
0 -1 -1 
0 -1 -1 
0 -1 -1 
0 -1 -1 
0 -1 -1 
0 -1 -1 
0 -1 -1 
0 -1 -1 
0 -1 -1 
0 -1 -1 
0 -1 -1 
0 -1 -1 
0 -1 -1 
0 -1 -1 
0 -1 -1 
0 -1 -1 
0 -1 -1 
0 -1 -1 
0 -1 -1 
0 -1 -1 

